11489675
  -OEChem-12011718473D

101105  0     1  0  0  0  0  0999 V2000
   -7.3942    0.2462   -1.4609 O   0  0  0  0  0  0  0  0  0  0  0  0
   -8.1563   -0.9554    1.8946 O   0  0  0  0  0  0  0  0  0  0  0  0
  -10.7972   -0.7844    0.6728 O   0  0  0  0  0  0  0  0  0  0  0  0
  -10.8322    2.1779    1.0350 O   0  0  0  0  0  0  0  0  0  0  0  0
    1.8948   -0.5857    0.0465 C   0  0  1  0  0  0  0  0  0  0  0  0
    3.4732   -0.6343   -0.4011 C   0  0  1  0  0  0  0  0  0  0  0  0
    1.2283    0.6714   -0.6600 C   0  0  1  0  0  0  0  0  0  0  0  0
    4.1538    0.7267    0.0313 C   0  0  1  0  0  0  0  0  0  0  0  0
   -0.3303    0.7360   -0.5662 C   0  0  2  0  0  0  0  0  0  0  0  0
    5.7432    0.8043   -0.0321 C   0  0  2  0  0  0  0  0  0  0  0  0
   -0.8633   -0.6072   -1.1162 C   0  0  1  0  0  0  0  0  0  0  0  0
    6.3359   -0.4638    0.6744 C   0  0  1  0  0  0  0  0  0  0  0  0
    1.1261   -1.8984   -0.3482 C   0  0  0  0  0  0  0  0  0  0  0  0
    1.9402    1.9858   -0.2994 C   0  0  0  0  0  0  0  0  0  0  0  0
    3.4393    1.9412   -0.6096 C   0  0  0  0  0  0  0  0  0  0  0  0
    4.2257   -1.8161    0.2740 C   0  0  0  0  0  0  0  0  0  0  0  0
   -0.4139   -1.8057   -0.2972 C   0  0  0  0  0  0  0  0  0  0  0  0
   -2.3451   -0.3825   -1.4379 C   0  0  2  0  0  0  0  0  0  0  0  0
   -0.9898    1.6845   -1.5944 C   0  0  0  0  0  0  0  0  0  0  0  0
    5.7478   -1.7720    0.1142 C   0  0  0  0  0  0  0  0  0  0  0  0
    7.9063   -0.4838    0.8140 C   0  0  0  0  0  0  0  0  0  0  0  0
    1.7713   -0.4862    1.5998 C   0  0  0  0  0  0  0  0  0  0  0  0
    3.5915   -0.8637   -1.9401 C   0  0  0  0  0  0  0  0  0  0  0  0
    6.2015    2.0730    0.7744 C   0  0  0  0  0  0  0  0  0  0  0  0
   -2.4165    1.1246   -1.7761 C   0  0  0  0  0  0  0  0  0  0  0  0
   -0.8620    1.1312    0.8323 C   0  0  0  0  0  0  0  0  0  0  0  0
    6.2653    0.9753   -1.4783 C   0  0  0  0  0  0  0  0  0  0  0  0
    8.4775    0.9503    0.9619 C   0  0  0  0  0  0  0  0  0  0  0  0
    7.4827    1.9080    1.5964 C   0  0  0  0  0  0  0  0  0  0  0  0
   -3.3369   -0.8058   -0.3618 C   0  0  1  0  0  0  0  0  0  0  0  0
    8.5039   -1.1054   -0.4765 C   0  0  0  0  0  0  0  0  0  0  0  0
    8.4233   -1.3415    1.9875 C   0  0  0  0  0  0  0  0  0  0  0  0
   -4.6708   -0.0528   -0.5459 C   0  0  0  0  0  0  0  0  0  0  0  0
   -3.5225   -2.3260   -0.3899 C   0  0  0  0  0  0  0  0  0  0  0  0
   -5.8656   -0.7441    0.1271 C   0  0  0  0  0  0  0  0  0  0  0  0
   -7.1710    0.0415   -0.0606 C   0  0  2  0  0  0  0  0  0  0  0  0
   -8.4137   -0.6624    0.5142 C   0  0  2  0  0  0  0  0  0  0  0  0
   -9.7235    0.1358    0.4386 C   0  0  2  0  0  0  0  0  0  0  0  0
   -9.8269    1.2635    1.4634 C   0  0  0  0  0  0  0  0  0  0  0  0
    1.4115    0.5437   -1.7343 H   0  0  0  0  0  0  0  0  0  0  0  0
    3.9541    0.8119    1.1077 H   0  0  0  0  0  0  0  0  0  0  0  0
   -0.4018   -0.7560   -2.1088 H   0  0  0  0  0  0  0  0  0  0  0  0
    5.9689   -0.4116    1.7129 H   0  0  0  0  0  0  0  0  0  0  0  0
    1.4499   -2.7319    0.2874 H   0  0  0  0  0  0  0  0  0  0  0  0
    1.3738   -2.1908   -1.3714 H   0  0  0  0  0  0  0  0  0  0  0  0
    1.4981    2.8155   -0.8638 H   0  0  0  0  0  0  0  0  0  0  0  0
    1.8104    2.2348    0.7579 H   0  0  0  0  0  0  0  0  0  0  0  0
    3.8803    2.8787   -0.2539 H   0  0  0  0  0  0  0  0  0  0  0  0
    3.5670    1.9421   -1.6964 H   0  0  0  0  0  0  0  0  0  0  0  0
    3.8585   -2.7719   -0.1196 H   0  0  0  0  0  0  0  0  0  0  0  0
    4.0397   -1.8407    1.3497 H   0  0  0  0  0  0  0  0  0  0  0  0
   -0.7735   -1.7810    0.7340 H   0  0  0  0  0  0  0  0  0  0  0  0
   -0.7676   -2.7299   -0.7629 H   0  0  0  0  0  0  0  0  0  0  0  0
   -2.5855   -0.9370   -2.3565 H   0  0  0  0  0  0  0  0  0  0  0  0
   -0.4636    1.6496   -2.5568 H   0  0  0  0  0  0  0  0  0  0  0  0
   -1.0030    2.7300   -1.2681 H   0  0  0  0  0  0  0  0  0  0  0  0
    6.1603   -2.6281    0.6612 H   0  0  0  0  0  0  0  0  0  0  0  0
    6.0170   -1.9241   -0.9341 H   0  0  0  0  0  0  0  0  0  0  0  0
    2.3363   -1.2659    2.1138 H   0  0  0  0  0  0  0  0  0  0  0  0
    0.7528   -0.6437    1.9490 H   0  0  0  0  0  0  0  0  0  0  0  0
    2.0984    0.4734    2.0037 H   0  0  0  0  0  0  0  0  0  0  0  0
    3.0902   -1.7802   -2.2594 H   0  0  0  0  0  0  0  0  0  0  0  0
    4.6180   -1.0014   -2.2704 H   0  0  0  0  0  0  0  0  0  0  0  0
    3.1886   -0.0453   -2.5383 H   0  0  0  0  0  0  0  0  0  0  0  0
    6.3293    2.9206    0.0878 H   0  0  0  0  0  0  0  0  0  0  0  0
    5.4217    2.3912    1.4781 H   0  0  0  0  0  0  0  0  0  0  0  0
   -3.0761    1.7150   -1.1401 H   0  0  0  0  0  0  0  0  0  0  0  0
   -2.7512    1.2797   -2.8082 H   0  0  0  0  0  0  0  0  0  0  0  0
   -0.9252    0.2929    1.5243 H   0  0  0  0  0  0  0  0  0  0  0  0
   -0.2522    1.9110    1.2954 H   0  0  0  0  0  0  0  0  0  0  0  0
   -1.8749    1.5461    0.7916 H   0  0  0  0  0  0  0  0  0  0  0  0
    6.2690    0.0512   -2.0526 H   0  0  0  0  0  0  0  0  0  0  0  0
    5.6718    1.7027   -2.0393 H   0  0  0  0  0  0  0  0  0  0  0  0
    7.2839    1.3701   -1.5082 H   0  0  0  0  0  0  0  0  0  0  0  0
    9.3927    0.9375    1.5678 H   0  0  0  0  0  0  0  0  0  0  0  0
    8.7897    1.3572   -0.0066 H   0  0  0  0  0  0  0  0  0  0  0  0
    7.9485    2.8902    1.7393 H   0  0  0  0  0  0  0  0  0  0  0  0
    7.2244    1.5453    2.5994 H   0  0  0  0  0  0  0  0  0  0  0  0
   -2.9618   -0.5516    0.6348 H   0  0  0  0  0  0  0  0  0  0  0  0
    8.2516   -2.1664   -0.5787 H   0  0  0  0  0  0  0  0  0  0  0  0
    8.2236   -0.5996   -1.3978 H   0  0  0  0  0  0  0  0  0  0  0  0
    9.6004   -1.0625   -0.4332 H   0  0  0  0  0  0  0  0  0  0  0  0
    8.0599   -0.9486    2.9433 H   0  0  0  0  0  0  0  0  0  0  0  0
    9.5185   -1.3560    2.0264 H   0  0  0  0  0  0  0  0  0  0  0  0
    8.0843   -2.3793    1.9073 H   0  0  0  0  0  0  0  0  0  0  0  0
   -4.6001    0.9519   -0.1147 H   0  0  0  0  0  0  0  0  0  0  0  0
   -4.8898    0.0526   -1.6156 H   0  0  0  0  0  0  0  0  0  0  0  0
   -2.6169   -2.9016   -0.2405 H   0  0  0  0  0  0  0  0  0  0  0  0
   -4.1789   -2.6566    0.4223 H   0  0  0  0  0  0  0  0  0  0  0  0
   -3.9678   -2.6512   -1.3369 H   0  0  0  0  0  0  0  0  0  0  0  0
   -6.0172   -1.7319   -0.3229 H   0  0  0  0  0  0  0  0  0  0  0  0
   -5.6595   -0.8816    1.1945 H   0  0  0  0  0  0  0  0  0  0  0  0
   -7.0494    1.0269    0.4021 H   0  0  0  0  0  0  0  0  0  0  0  0
   -8.5509   -1.6232    0.0014 H   0  0  0  0  0  0  0  0  0  0  0  0
   -7.4794   -0.6277   -1.8790 H   0  0  0  0  0  0  0  0  0  0  0  0
   -9.8679    0.5199   -0.5776 H   0  0  0  0  0  0  0  0  0  0  0  0
   -8.9223   -1.4497    2.2337 H   0  0  0  0  0  0  0  0  0  0  0  0
   -8.8923    1.8254    1.5399 H   0  0  0  0  0  0  0  0  0  0  0  0
  -10.1121    0.8882    2.4514 H   0  0  0  0  0  0  0  0  0  0  0  0
  -11.6277   -0.2815    0.6150 H   0  0  0  0  0  0  0  0  0  0  0  0
  -10.8782    2.8836    1.7024 H   0  0  0  0  0  0  0  0  0  0  0  0
  1 36  1  0  0  0  0
  1 95  1  0  0  0  0
  2 37  1  0  0  0  0
  2 97  1  0  0  0  0
  3 38  1  0  0  0  0
  3100  1  0  0  0  0
  4 39  1  0  0  0  0
  4101  1  0  0  0  0
  5  6  1  0  0  0  0
  5  7  1  0  0  0  0
  5 13  1  0  0  0  0
  5 22  1  0  0  0  0
  6  8  1  0  0  0  0
  6 16  1  0  0  0  0
  6 23  1  0  0  0  0
  7  9  1  0  0  0  0
  7 14  1  0  0  0  0
  7 40  1  0  0  0  0
  8 10  1  0  0  0  0
  8 15  1  0  0  0  0
  8 41  1  0  0  0  0
  9 11  1  0  0  0  0
  9 19  1  0  0  0  0
  9 26  1  0  0  0  0
 10 12  1  0  0  0  0
 10 24  1  0  0  0  0
 10 27  1  0  0  0  0
 11 17  1  0  0  0  0
 11 18  1  0  0  0  0
 11 42  1  0  0  0  0
 12 20  1  0  0  0  0
 12 21  1  0  0  0  0
 12 43  1  0  0  0  0
 13 17  1  0  0  0  0
 13 44  1  0  0  0  0
 13 45  1  0  0  0  0
 14 15  1  0  0  0  0
 14 46  1  0  0  0  0
 14 47  1  0  0  0  0
 15 48  1  0  0  0  0
 15 49  1  0  0  0  0
 16 20  1  0  0  0  0
 16 50  1  0  0  0  0
 16 51  1  0  0  0  0
 17 52  1  0  0  0  0
 17 53  1  0  0  0  0
 18 25  1  0  0  0  0
 18 30  1  0  0  0  0
 18 54  1  0  0  0  0
 19 25  1  0  0  0  0
 19 55  1  0  0  0  0
 19 56  1  0  0  0  0
 20 57  1  0  0  0  0
 20 58  1  0  0  0  0
 21 28  1  0  0  0  0
 21 31  1  0  0  0  0
 21 32  1  0  0  0  0
 22 59  1  0  0  0  0
 22 60  1  0  0  0  0
 22 61  1  0  0  0  0
 23 62  1  0  0  0  0
 23 63  1  0  0  0  0
 23 64  1  0  0  0  0
 24 29  1  0  0  0  0
 24 65  1  0  0  0  0
 24 66  1  0  0  0  0
 25 67  1  0  0  0  0
 25 68  1  0  0  0  0
 26 69  1  0  0  0  0
 26 70  1  0  0  0  0
 26 71  1  0  0  0  0
 27 72  1  0  0  0  0
 27 73  1  0  0  0  0
 27 74  1  0  0  0  0
 28 29  1  0  0  0  0
 28 75  1  0  0  0  0
 28 76  1  0  0  0  0
 29 77  1  0  0  0  0
 29 78  1  0  0  0  0
 30 33  1  0  0  0  0
 30 34  1  0  0  0  0
 30 79  1  0  0  0  0
 31 80  1  0  0  0  0
 31 81  1  0  0  0  0
 31 82  1  0  0  0  0
 32 83  1  0  0  0  0
 32 84  1  0  0  0  0
 32 85  1  0  0  0  0
 33 35  1  0  0  0  0
 33 86  1  0  0  0  0
 33 87  1  0  0  0  0
 34 88  1  0  0  0  0
 34 89  1  0  0  0  0
 34 90  1  0  0  0  0
 35 36  1  0  0  0  0
 35 91  1  0  0  0  0
 35 92  1  0  0  0  0
 36 37  1  0  0  0  0
 36 93  1  0  0  0  0
 37 38  1  0  0  0  0
 37 94  1  0  0  0  0
 38 39  1  0  0  0  0
 38 96  1  0  0  0  0
 39 98  1  0  0  0  0
 39 99  1  0  0  0  0
M  END
> <PUBCHEM_COMPOUND_CID>
11489675

> <PUBCHEM_CONFORMER_RMSD>
1

> <PUBCHEM_CONFORMER_DIVERSEORDER>
1
26
11
15
19
18
22
17
21
25
20
6
9
5
3
24
2
7
10
8
4
23
12
14
13
16

> <PUBCHEM_MMFF94_PARTIAL_CHARGES>
12
1 -0.68
100 0.4
101 0.4
2 -0.68
3 -0.68
36 0.28
37 0.28
38 0.28
39 0.28
4 -0.68
95 0.4
97 0.4

> <PUBCHEM_EFFECTIVE_ROTOR_COUNT>
9.6

> <PUBCHEM_PHARMACOPHORE_FEATURES>
15
1 1 acceptor
1 1 donor
1 2 acceptor
1 2 donor
1 3 acceptor
1 3 donor
1 34 hydrophobe
1 4 acceptor
1 4 donor
3 21 31 32 hydrophobe
5 9 11 18 19 25 rings
6 10 12 21 24 28 29 rings
6 5 6 7 8 14 15 rings
6 5 7 9 11 13 17 rings
6 6 8 10 12 16 20 rings

> <PUBCHEM_HEAVY_ATOM_COUNT>
39

> <PUBCHEM_ATOM_DEF_STEREO_COUNT>
13

> <PUBCHEM_ATOM_UDEF_STEREO_COUNT>
0

> <PUBCHEM_BOND_DEF_STEREO_COUNT>
0

> <PUBCHEM_BOND_UDEF_STEREO_COUNT>
0

> <PUBCHEM_ISOTOPIC_ATOM_COUNT>
0

> <PUBCHEM_COMPONENT_COUNT>
1

> <PUBCHEM_CACTVS_TAUTO_COUNT>
1

> <PUBCHEM_CONFORMER_ID>
00AF518B00000001

> <PUBCHEM_MMFF94_ENERGY>
193.6489

> <PUBCHEM_FEATURE_SELFOVERLAP>
76.223

> <PUBCHEM_SHAPE_FINGERPRINT>
10190108 129 17385438825747364683
10533779 47 18261114032499141067
10625338 86 16988846051862709265
11135926 11 18040984159914494503
11181472 205 16414930664170682619
11386260 185 10519978279674273642
11456790 92 18413106169115548392
11534866 41 17240480299690331426
11607047 141 15769499730292268342
12089408 11 17846493759910644959
12166972 35 17530681018612779884
12539745 222 15068614977945651831
13150687 139 10807937072612273965
13692114 37 16515404084151606738
13811026 1 18186236221147444894
14118638 360 8718561514248319087
14359421 15 17897724272786988322
14395042 24 18412547583218729801
15131766 46 15192719191228361320
15247644 1 15213299720922487169
15461852 350 10809336738034512995
15510794 2 17748823013035054847
15840311 113 18130790083833057992
16728433 110 13334743452912426839
1754911 235 10303815372348698577
1818759 1 14129060314151676705
18608769 82 18113612400080218342
19315958 150 17989211430153710015
19841028 212 17023455336046209946
20105231 36 17821727225813934067
21267235 1 17967531272482069004
21781051 124 17385449842881804634
21792934 111 18334010592526415341
21792938 703 11891339716964881409
21927370 108 16805321081392144701
22149856 69 18411420635581589376
23559900 14 18338220658201540288
23576562 1 12678877070847503059
24771293 8 18412825798862940791
3092352 35 17060336332107553383
3178227 256 18333449858733790678
3711267 37 17560812030791507801
4093350 32 17846782896956433798
439807 62 17822010913130863750
5104073 3 18335973169943936464
6081469 158 15936406745273744311
6691757 9 17489591199905615311

> <PUBCHEM_SHAPE_MULTIPOLES>
779.12
33.91
2.12
1.6
69.14
0.19
-0.03
4.01
-17.8
-1.34
-0.14
-0.16
0.21
-0.34

> <PUBCHEM_SHAPE_SELFOVERLAP>
1613.365

> <PUBCHEM_SHAPE_VOLUME>
445.1

> <PUBCHEM_COORDINATE_TYPE>
2
5
10

$$$$
