64692
  -OEChem-12011718473D

 44 46  0     1  0  0  0  0  0999 V2000
   -0.3626    0.3695    0.8291 O   0  0  0  0  0  0  0  0  0  0  0  0
    0.6819   -0.5871   -0.9869 O   0  0  0  0  0  0  0  0  0  0  0  0
    0.7297    2.9777    0.2127 O   0  0  0  0  0  0  0  0  0  0  0  0
   -4.2699    0.5498   -0.1921 N   0  0  0  0  0  0  0  0  0  0  0  0
   -3.4975   -0.1942   -1.2050 C   0  0  2  0  0  0  0  0  0  0  0  0
   -4.0751   -0.2608    1.0249 C   0  0  1  0  0  0  0  0  0  0  0  0
   -3.8293   -1.6660   -0.9352 C   0  0  0  0  0  0  0  0  0  0  0  0
   -4.2131   -1.7103    0.5460 C   0  0  0  0  0  0  0  0  0  0  0  0
   -2.0129    0.1194   -0.9336 C   0  0  0  0  0  0  0  0  0  0  0  0
   -2.6500    0.0459    1.5258 C   0  0  0  0  0  0  0  0  0  0  0  0
   -1.5754   -0.2875    0.4814 C   0  0  0  0  0  0  0  0  0  0  0  0
   -5.6776    0.7005   -0.5522 C   0  0  0  0  0  0  0  0  0  0  0  0
    0.7054    0.1332    0.0030 C   0  0  0  0  0  0  0  0  0  0  0  0
    1.9276    0.8969    0.5050 C   0  0  1  0  0  0  0  0  0  0  0  0
    3.2074    0.1274    0.2188 C   0  0  0  0  0  0  0  0  0  0  0  0
    1.9529    2.3128   -0.0883 C   0  0  0  0  0  0  0  0  0  0  0  0
    3.6761   -0.7646    1.1626 C   0  0  0  0  0  0  0  0  0  0  0  0
    3.8637    0.3424   -0.9767 C   0  0  0  0  0  0  0  0  0  0  0  0
    4.8501   -1.4707    0.9002 C   0  0  0  0  0  0  0  0  0  0  0  0
    5.0377   -0.3638   -1.2391 C   0  0  0  0  0  0  0  0  0  0  0  0
    5.5308   -1.2704   -0.3005 C   0  0  0  0  0  0  0  0  0  0  0  0
   -3.7442    0.1032   -2.2305 H   0  0  0  0  0  0  0  0  0  0  0  0
   -4.7916   -0.0181    1.8176 H   0  0  0  0  0  0  0  0  0  0  0  0
   -2.9942   -2.3372   -1.1604 H   0  0  0  0  0  0  0  0  0  0  0  0
   -4.6833   -1.9876   -1.5431 H   0  0  0  0  0  0  0  0  0  0  0  0
   -5.2501   -2.0527    0.6439 H   0  0  0  0  0  0  0  0  0  0  0  0
   -3.5828   -2.4053    1.1103 H   0  0  0  0  0  0  0  0  0  0  0  0
   -1.4334   -0.4021   -1.7009 H   0  0  0  0  0  0  0  0  0  0  0  0
   -1.8286    1.1910   -1.0896 H   0  0  0  0  0  0  0  0  0  0  0  0
   -2.5768    1.1062    1.8046 H   0  0  0  0  0  0  0  0  0  0  0  0
   -2.4429   -0.5142    2.4464 H   0  0  0  0  0  0  0  0  0  0  0  0
   -1.3934   -1.3699    0.5128 H   0  0  0  0  0  0  0  0  0  0  0  0
   -5.7688    1.2982   -1.4658 H   0  0  0  0  0  0  0  0  0  0  0  0
   -6.2092    1.2472    0.2345 H   0  0  0  0  0  0  0  0  0  0  0  0
   -6.1987   -0.2484   -0.7156 H   0  0  0  0  0  0  0  0  0  0  0  0
    1.8223    0.9918    1.5953 H   0  0  0  0  0  0  0  0  0  0  0  0
    2.0379    2.3292   -1.1781 H   0  0  0  0  0  0  0  0  0  0  0  0
    2.7744    2.9023    0.3322 H   0  0  0  0  0  0  0  0  0  0  0  0
    3.1513   -0.9289    2.0989 H   0  0  0  0  0  0  0  0  0  0  0  0
    3.5037    1.0138   -1.7464 H   0  0  0  0  0  0  0  0  0  0  0  0
    0.0262    2.5636   -0.3147 H   0  0  0  0  0  0  0  0  0  0  0  0
    5.2335   -2.1775    1.6304 H   0  0  0  0  0  0  0  0  0  0  0  0
    5.5648   -0.2133   -2.1768 H   0  0  0  0  0  0  0  0  0  0  0  0
    6.4439   -1.8216   -0.5057 H   0  0  0  0  0  0  0  0  0  0  0  0
  1 11  1  0  0  0  0
  1 13  1  0  0  0  0
  2 13  2  0  0  0  0
  3 16  1  0  0  0  0
  3 41  1  0  0  0  0
  4  5  1  0  0  0  0
  4  6  1  0  0  0  0
  4 12  1  0  0  0  0
  5  7  1  0  0  0  0
  5  9  1  0  0  0  0
  5 22  1  0  0  0  0
  6  8  1  0  0  0  0
  6 10  1  0  0  0  0
  6 23  1  0  0  0  0
  7  8  1  0  0  0  0
  7 24  1  0  0  0  0
  7 25  1  0  0  0  0
  8 26  1  0  0  0  0
  8 27  1  0  0  0  0
  9 11  1  0  0  0  0
  9 28  1  0  0  0  0
  9 29  1  0  0  0  0
 10 11  1  0  0  0  0
 10 30  1  0  0  0  0
 10 31  1  0  0  0  0
 11 32  1  0  0  0  0
 12 33  1  0  0  0  0
 12 34  1  0  0  0  0
 12 35  1  0  0  0  0
 13 14  1  0  0  0  0
 14 15  1  0  0  0  0
 14 16  1  0  0  0  0
 14 36  1  0  0  0  0
 15 17  2  0  0  0  0
 15 18  1  0  0  0  0
 16 37  1  0  0  0  0
 16 38  1  0  0  0  0
 17 19  1  0  0  0  0
 17 39  1  0  0  0  0
 18 20  2  0  0  0  0
 18 40  1  0  0  0  0
 19 21  2  0  0  0  0
 19 42  1  0  0  0  0
 20 21  1  0  0  0  0
 20 43  1  0  0  0  0
 21 44  1  0  0  0  0
M  END
> <PUBCHEM_COMPOUND_CID>
64692

> <PUBCHEM_CONFORMER_RMSD>
0.8

> <PUBCHEM_CONFORMER_DIVERSEORDER>
2
76
20
73
16
63
55
75
51
60
10
65
70
11
66
45
30
43
38
50
7
36
62
27
69
23
42
48
47
22
33
64
12
26
53
67
58
34
72
13
56
44
15
49
19
5
14
35
31
54
6
57
74
46
59
61
68
39
37
9
28
3
17
71
40
32
29
25
41
52
4
1
18
24
8
21

> <PUBCHEM_MMFF94_PARTIAL_CHARGES>
23
1 -0.43
11 0.28
12 0.27
13 0.66
14 0.2
15 -0.14
16 0.28
17 -0.15
18 -0.15
19 -0.15
2 -0.57
20 -0.15
21 -0.15
3 -0.68
39 0.15
4 -0.81
40 0.15
41 0.4
42 0.15
43 0.15
44 0.15
5 0.27
6 0.27

> <PUBCHEM_EFFECTIVE_ROTOR_COUNT>
6.2

> <PUBCHEM_PHARMACOPHORE_FEATURES>
6
1 2 acceptor
1 3 acceptor
1 3 donor
1 4 cation
6 15 17 18 19 20 21 rings
8 4 5 6 7 8 9 10 11 rings

> <PUBCHEM_HEAVY_ATOM_COUNT>
21

> <PUBCHEM_ATOM_DEF_STEREO_COUNT>
1

> <PUBCHEM_ATOM_UDEF_STEREO_COUNT>
2

> <PUBCHEM_BOND_DEF_STEREO_COUNT>
0

> <PUBCHEM_BOND_UDEF_STEREO_COUNT>
0

> <PUBCHEM_ISOTOPIC_ATOM_COUNT>
0

> <PUBCHEM_COMPONENT_COUNT>
1

> <PUBCHEM_CACTVS_TAUTO_COUNT>
1

> <PUBCHEM_CONFORMER_ID>
0000FCB400000002

> <PUBCHEM_MMFF94_ENERGY>
54.3568

> <PUBCHEM_FEATURE_SELFOVERLAP>
30.446

> <PUBCHEM_SHAPE_FINGERPRINT>
10090160 65 9727637193879622060
10366900 7 17530958116379336419
10498660 4 14201388396112652766
10670039 82 7997697553732032562
11315181 36 16917065568555276699
11405975 8 18411136974355800809
11796584 16 18186523185361898642
12166972 35 17846210094738327833
12236239 1 17775565347055380681
12403259 118 12103845631472189026
12516196 113 18411135840500239336
12553582 1 18410858750621853906
12596602 18 17846770841215374914
12616971 3 18060423560015933155
12670546 56 15123509181428609214
12760667 363 18189612749001667594
12788726 201 18117271463282803032
128620 24 12179842809783827763
12916754 54 18268147729210228815
13009979 54 17988659505033041568
13134695 92 18409445920871936988
13167823 11 18336263534812190939
13631057 29 10954043510474038385
13675066 3 16630528440220617094
13914758 101 17059774413120018001
14528608 73 11314310563755720930
14573314 32 16950282905831288454
15183329 4 18337388249772095157
15188451 53 17203032071814418839
15239154 128 11818987483089054934
15375358 24 11815904465480215333
15788980 27 17632576063070636383
17349148 13 17846505862769983455
17492 89 18125719234573472991
17844677 252 18408608079889026429
1813 80 18201165386325491452
18186145 218 17749659788143200657
18222031 100 18202001023604569620
19489759 90 16773795866545971843
19784866 34 8142086451087393664
200 152 18186522085992123874
20369508 70 18408039637373735352
204376 136 9583514317854816104
20645477 70 18336551598853834838
20832881 197 18260825973500582584
21250096 35 18409444769978327058
221357 26 18040711463665755485
2215653 11 18114174233753599279
22646028 1 18060700606317054170
22950370 63 18408889529443657726
23175994 123 18333453131541379989
23402539 116 18343018869775534961
23557571 272 16414931754955498977
23559900 14 18337666511580473353
26918003 58 17775564238885454347
2916195 48 12035740842213674670
3004659 81 17821728296104699034
314173 85 18202565055947875952
32948 21 17894909611751769172
34797466 226 15936703622214519430
351380 3 18341897385491081826
4325135 7 11671772776134720545
44062 13 18411695513399122439
465052 167 18413114969883351950
4990 188 15430036548290747450
5104073 3 17916870243725099147
5281201 14 17967815002169066317
542803 24 16877661258022651647
543368 44 13045952316976831215
559249 180 18201997712338090247
5924683 9 14045444683651985253
59682541 52 18188470416449704367
59755656 520 17458344122809342699
633830 44 17822002164140160837
6913067 236 11527944517601856569
7495541 125 18187087299208654722
7970288 3 18412544289105394454
8863177 126 18043542809345003115
960060 61 18113058242452346526
9841814 1 18337942468336683032
9971528 1 18273209820430721560
9981440 41 16979530151248123128

> <PUBCHEM_SHAPE_MULTIPOLES>
409.58
13.05
1.81
1.29
1.3
0.96
0.01
-4.64
-1.65
0.61
0.14
-0.14
-0.21
-0.19

> <PUBCHEM_SHAPE_SELFOVERLAP>
869.472

> <PUBCHEM_SHAPE_VOLUME>
228.6

> <PUBCHEM_COORDINATE_TYPE>
2
5
10

$$$$
